Code,N_snp,Beta(95%CI),P(Bonferroni),P-star,LONGNAME,Chapter_name
K11_OTHDISDIG,25,0.563 [0.539-0.59],1.000e-315,***,Other diseases of the digestive system,Digestive
MEMLOSS,48,0.475 [0.351-0.60],1.596e-08,***,Memory loss,Mental and behavioural
N14_CYSTITIS,693,0.459 [0.427-0.49],1.205e-175,***,Cystitis,Genitourinary
E4_LIPOPROTNAS,242,0.426 [0.356-0.50],5.190e-27,***,"Disorder of lipoprotein metabolism, unspecified",Endocrine and metabolic
E4_HYPERLIPNAS,1251,0.403 [0.368-0.44],3.015e-106,***,"Hyperlipidaemia, other/unspecified",Endocrine and metabolic
E4_FH,518,0.328 [0.288-0.37],3.221e-51,***,Familial hypercholesterolemia,Endocrine and metabolic
N14_URINOTH,1485,0.324 [0.300-0.35],5.344e-148,***,Other diseases of urinary system,Genitourinary
E4_METABOLIA,4834,0.297 [0.273-0.32],4.777e-120,***,Metabolic disorders,Endocrine and metabolic
F5_MENTORG,85,0.283 [0.207-0.36],1.033e-07,***,Other mental disorders due to brain damage and dysfunction and to physical disease,Mental and behavioural
VD_U,43,0.283 [0.212-0.35],8.421e-10,***,Vascular dementia (undefined),Mental and behavioural
I9_POSTAMI,149,0.281 [0.223-0.34],1.019e-15,***,Status post-ami,Circulatory
F5_DELIRIUM,173,0.245 [0.192-0.30],2.095e-14,***,"Delirium, not induced by alcohol and other psychoactive substances",Mental and behavioural
F5_VASCDEM,107,0.222 [0.166-0.28],1.653e-09,***,Vascular dementia,Mental and behavioural
E4_LIPOPROT,7076,0.210 [0.194-0.23],3.593e-137,***,Disorders of lipoprotein metabolism and other lipidaemias,Endocrine and metabolic
AB1_BACT_INTEST_OTH,357,0.199 [0.193-0.20],1.000e-315,***,Other bacterial intestinal infections,Infectious and parasitic
KRA_PSY_ANYMENTAL,2504,0.155 [0.134-0.18],3.008e-45,***,Any mental disorder,Mental and behavioural
C_DIFFICILE_ENTEROCOLITIS,2693,0.127 [0.123-0.13],1.000e-315,***,Enterocolitis due to Clostridium difficile,Infectious and parasitic
AD_AM,451,0.119 [0.099-0.14],8.219e-26,***,Alzheimer disease (Atypical or mixed),Nervous
I9_UAP,1483,0.118 [0.099-0.14],5.788e-26,***,Unstable angina pectoris,Circulatory
K11_HAEMORR,329,0.111 [0.089-0.13],2.711e-18,***,Haemorrhoids and perianal venous thrombosis,Digestive
NEURODEGOTH,4178,0.102 [0.095-0.11],1.528e-160,***,Other degenerative diseases of the nervous system,Nervous
K11_OESSTODUO,43,0.101 [0.065-0.14],0.010,*,"Diseases of oesophagus, stomach and duodenum",Digestive
J10_ACUTEUPPERINFEC,241,0.100 [0.069-0.13],4.590e-05,***,Acute upper respiratory infections of multiple and unspecified sites,Respiratory
F5_DEMENTIA,3309,0.100 [0.091-0.11],2.110e-89,***,Dementia,Mental and behavioural
KRA_PSY_DEMENTIA,2863,0.096 [0.086-0.11],1.661e-71,***,Any dementia,Mental and behavioural
G6_NEURODEGENERATIVE,4070,0.093 [0.086-0.10],9.399e-124,***,Unspecific neurodegenerative disorder,Nervous
G6_ALZHEIMER,2982,0.080 [0.072-0.09],2.698e-77,***,Alzheimer disease,Nervous
N14_MALEGEN,1375,0.076 [0.069-0.08],8.905e-97,***,Diseases of male genital organs,Genitourinary
F5_ALZHDEMENT,2076,0.074 [0.065-0.08],1.766e-54,***,Dementia in Alzheimer disease,Mental and behavioural
J10_INFLUPNEU,534,0.072 [0.059-0.09],6.632e-21,***,Influenza and pneumonia,Respiratory
N14_CHRONEPHROPATH,18,0.072 [0.061-0.08],2.349e-32,***,Chronic nephritic syndrome,Genitourinary
N14_FEMALEINFERT,80,0.071 [0.055-0.09],1.249e-14,***,Female infertility,Genitourinary
O15_ABORT_MEDICAL,68,0.068 [0.043-0.09],0.019,*,Medical abortion,Pregnancy
FALLS,542,0.067 [0.042-0.09],0.027,*,Falls/tendency to fall,Nervous
AUD,259,0.067 [0.058-0.08],9.979e-41,***,"Alcohol use disorder, ICD-based",Mental and behavioural
J10_PLEURPLAGUE,310,0.063 [0.060-0.07],1.000e-315,***,Pleural plaque,Respiratory
H7_CHALAZION,671,0.063 [0.059-0.07],1.138e-273,***,Chalazion,Eye and adnexa
M13_HALLUXVALGUS,3980,0.061 [0.057-0.07],2.515e-138,***,Hallux valgus (acquired),Musculoskeletal
K11_FISTULA,485,0.060 [0.055-0.06],4.613e-113,***,Colonic or urogenital fistula,Digestive
N14_FIOTHNAS,100,0.057 [0.045-0.07],6.442e-15,***,"Female infertility, cervical, vaginal, other or unspecified origin",Genitourinary
I9_IHD,7725,0.054 [0.044-0.06],5.865e-19,***,"Ischaemic heart disease, wide definition",Circulatory
J10_SEPTDEV,498,0.054 [0.045-0.06],7.005e-28,***,Deviated nasal septum,Respiratory
E4_HYPERLIPMIX,365,0.052 [0.034-0.07],0.004,**,Mixed hyperlipidaemia,Endocrine and metabolic
L12_ROSACEANAS,82,0.052 [0.043-0.06],3.407e-25,***,Other and unspecified rosacea,Skin
CD2_BENIGN_THYROID,151,0.051 [0.049-0.05],7.653e-289,***,Benign neoplasm of thyroid gland,Neoplasms
I9_CORATHER,8695,0.049 [0.041-0.06],5.081e-28,***,Coronary atherosclerosis,Circulatory
K11_INTESTOTH,398,0.049 [0.036-0.06],2.308e-07,***,Other diseases of intestines,Digestive
I9_ANGINA,5810,0.049 [0.039-0.06],1.716e-17,***,Angina pectoris,Circulatory
I9_CHD,6392,0.049 [0.039-0.06],5.863e-17,***,Major coronary heart disease event,Circulatory
M13_HAMMERTOE,331,0.048 [0.035-0.06],1.047e-07,***,Other hammer toe(s) (acquired),Musculoskeletal
CD2_BENIGN_MELANOCYTIC_TRUNK,183,0.044 [0.039-0.05],6.034e-73,***,Melanocytic naevi of trunk,Neoplasms
CD2_BENIGN_COLORECANI,1443,0.043 [0.034-0.05],2.041e-17,***,"Benign neoplasm of colon, rectum, anus and anal canal",Neoplasms
K11_DISORD_TEETH,111,0.040 [0.030-0.05],9.415e-09,***,Other disorders of teeth and supporting structures,Digestive
N14_PROSTHYPERPLA,3795,0.039 [0.036-0.04],7.406e-138,***,Hyperplasia of prostate,Genitourinary
CD2_BENIGN_OVARY,144,0.036 [0.026-0.05],2.439e-08,***,Benign neoplasm of ovary,Neoplasms
H7_STENOLACRI,62,0.036 [0.029-0.04],3.788e-17,***,Stenosis and insufficiency of lacrimal passages,Eye and adnexa
N14_PHIMOSIS,4306,0.035 [0.033-0.04],1.188e-218,***,"Redundant prepuce, phimosis and paraphimosis",Genitourinary
K11_HERNIA,6152,0.035 [0.032-0.04],1.039e-112,***,Hernia,Digestive
CD2_FOLLICULAR_LYMPHOMA,5808,0.032 [0.031-0.03],1.000e-315,***,"Follicular lymphoma, hilmo",Neoplasms
F5_DEPRESSIO,2165,0.032 [0.025-0.04],2.338e-16,***,Depression,Mental and behavioural
I9_HEARTFAIL,682,0.031 [0.022-0.04],7.822e-06,***,"Heart failure, strict",Circulatory
CD2_BENIGN_MELANOCYTIC,521,0.031 [0.025-0.04],2.717e-22,***,Melanocytic naevi,Neoplasms
K11_OTHANRECT,204,0.030 [0.020-0.04],2.942e-04,***,Other diseases of anus and rectum,Digestive
O15_PRE_OR_ECLAMPSIA,259,0.029 [0.019-0.04],7.370e-04,***,Pre-eclampsia or eclampsia,Pregnancy
COPD_EARLY,512,0.029 [0.026-0.03],6.011e-80,***,Early onset COPD,Respiratory
K11_GULC,244,0.029 [0.022-0.03],2.785e-13,***,Gastric ulcer,Digestive
M13_POLYARTHRITIS,1672,0.028 [0.025-0.03],6.475e-95,***,"Polyarthritis, unspecified",Musculoskeletal
K11_DIAHER,628,0.026 [0.022-0.03],3.891e-27,***,Diaphragmatic hernia,Digestive
CD2_INSITU_BLADDER,34,0.026 [0.020-0.03],9.715e-13,***,"Carcinoma in situ, bladder",Neoplasms
E4_HYPERPIT,147,0.026 [0.021-0.03],7.445e-26,***,Hyperfunction of pituitary gland,Endocrine and metabolic
N14_OTHPENIS,232,0.025 [0.020-0.03],9.712e-14,***,Other disorders of penis,Genitourinary
CD2_NONFOLLICULAR_LYMPHOMA,1093,0.025 [0.018-0.03],1.616e-08,***,Non-follicular lymphoma,Neoplasms
J10_CHRONTONSADEN,5827,0.024 [0.019-0.03],5.243e-16,***,Chronic diseases of tonsils and adenoids,Respiratory
J10_EMPHYSEMA,365,0.024 [0.021-0.03],1.071e-63,***,Emphysema,Respiratory
C3_ANUS_ANALCANAL,76,0.023 [0.019-0.03],1.122e-24,***,Malignant neoplasm of anus and anal canal,Neoplasms
C3_BRONCHUS_LUNG,573,0.023 [0.019-0.03],4.123e-37,***,Malignant neoplasm of bronchus and lung,Neoplasms
H7_OPTNERVE,2671,0.022 [0.017-0.03],3.624e-15,***,Disorders of optic nerve and visual pathways,Eye and adnexa
I9_VASCINT,15,0.022 [0.014-0.03],0.033,*,Vascular diseases of the intestine,Circulatory
C3_LUNG_NONSMALL,527,0.021 [0.018-0.02],2.161e-40,***,Non-small cell lung cancer,Neoplasms
G6_OTHDEMYEL,3560,0.020 [0.019-0.02],3.802e-128,***,Other demyelinating diseases of the central nervous system,Nervous
K11_HERING,7337,0.020 [0.018-0.02],7.157e-58,***,Inguinal hernia,Digestive
O15_GESTAT_HYPERT,476,0.020 [0.013-0.03],0.002,**,Gestational [pregnancy-induced] hypertension,Pregnancy
N14_OVARYCYST,986,0.020 [0.015-0.02],7.722e-12,***,Ovarian cyst,Genitourinary
F5_PTSD,319,0.019 [0.014-0.02],1.460e-07,***,Post-traumatic stress disorder,Mental and behavioural
C3_THYROID_GLAND,1116,0.017 [0.015-0.02],2.199e-66,***,Malignant neoplasm of thyroid gland,Neoplasms
O15_LABOUR_UMBILICAL,119,0.017 [0.014-0.02],1.094e-16,***,Labour and delivery complicated by umbilical cord complications,Pregnancy
L12_LICHENSIMPLEX,206,0.016 [0.013-0.02],1.797e-20,***,Lichen simplex chronicus,Skin
C3_OTHER_SKIN,9911,0.015 [0.013-0.02],1.621e-24,***,Other malignant neoplasms of skin (=non-melanoma skin cancer),Neoplasms
G6_MYONEU,229,0.015 [0.012-0.02],3.695e-12,***,Diseases of the myoneural junction and muscle,Nervous
M13_FOREIGNBODY,77,0.015 [0.010-0.02],1.520e-05,***,Residual foreign body in soft tissue,Musculoskeletal
C3_BASAL_CELL_CARCINOMA,10907,0.013 [0.011-0.02],8.597e-23,***,Basal cell carcinoma,Neoplasms
I9_PVT,43,0.013 [0.008-0.02],0.024,*,Portal vein thrombosis,Circulatory
M13_POLYMYALGIA,4532,0.013 [0.010-0.02],3.428e-16,***,Polymyalgia rheumatica,Musculoskeletal
L12_FOLLICULARCYST,349,0.013 [0.009-0.02],4.192e-05,***,Follicular cysts of skin and subcutaneous tissue,Skin
L12_PAPULOSQUAMOUS,16405,0.012 [0.011-0.01],7.959e-51,***,Papulosquamous disorders,Skin
E4_LACTONAS,2420,0.012 [0.011-0.01],1.294e-160,***,"Lactose intolerance, other/unspecified",Endocrine and metabolic
CD2_BENIGN_MENINGES,586,0.011 [0.008-0.01],3.544e-04,***,Benign neoplasm of meninges,Neoplasms
N14_CALCUKIDUR,1321,0.011 [0.008-0.01],5.036e-05,***,Calculus of kidney and ureter,Genitourinary
L12_NONIONRADISKINNAS,27,0.011 [0.007-0.01],0.026,*,Other and unspecified skin changes due to chronic exposure to nonionizing radiation,Skin
CD2_BENIGN_ADRENAL,332,0.011 [0.008-0.01],4.666e-10,***,Benign neoplasm: Adrenal gland,Neoplasms
M13_GOUT,3183,0.010 [0.007-0.01],1.341e-09,***,Gout,Musculoskeletal
H7_IRIDONAS,4666,0.009 [0.008-0.01],1.609e-50,***,Other and unspecified iridocyclitis,Eye and adnexa
GOUT_IDIO,1453,0.009 [0.007-0.01],1.071e-24,***,Idiopathic gout,Musculoskeletal
CD2_BENIGN_LEIOMYOMA_UTERI,9079,0.008 [0.006-0.01],2.879e-14,***,Leiomyoma of uterus,Neoplasms
M13_SYSTSLCE,1075,0.008 [0.005-0.01],3.942e-04,***,Systemic sclerosis,Musculoskeletal
M13_CRYSTALARTH,168,0.008 [0.005-0.01],1.746e-04,***,Other crystal arthropathies,Musculoskeletal
G6_BASDEGENOTH,96,0.008 [0.005-0.01],0.040,*,Other degenerative diseases of the basal ganglia,Nervous
L12_PSORI_NAS,8866,0.007 [0.006-0.01],5.117e-45,***,Other and unspecified psoriasis,Skin
N14_ENDOMETRIOSIS_OVARY,2678,0.007 [0.005-0.01],3.792e-15,***,Endometriosis of ovary,Genitourinary
G6_RLS,898,0.005 [0.004-0.01],0.001,**,Restless leg syndrome,Nervous
H7_ENTROPION,903,0.005 [0.003-0.01],0.002,**,Entropion and trichiasis of eyelid,Eye and adnexa
L12_PSORI_VULG,15019,0.004 [0.003-0.01],2.838e-14,***,Psoriasis vulgaris,Skin
M13_PSORIARTH,11111,0.004 [0.003-0.00],1.471e-07,***,Psoriatic arthropathies,Musculoskeletal
L12_PSORIASIS,18203,0.003 [0.002-0.00],1.585e-04,***,Psoriasis,Skin
E4_GILBERT,452,-0.002 [-0.002--0.00],0.049,*,Gilbert syndrome,Endocrine and metabolic
I9_CARDMYOHYP,293,-0.002 [-0.003--0.00],9.474e-04,***,"Cardiomyopathy, Hypertrophic obstructive",Circulatory
I9_HYPERTROCARDMYOP,483,-0.002 [-0.003--0.00],2.755e-09,***,Hypertrophic cardiomyopathy,Circulatory
RHEUMA_NOS,13051,-0.003 [-0.004--0.00],0.027,*,Other/unspecified rheumatoid arthritis,Musculoskeletal
E4_IRON_MET,3833,-0.003 [-0.004--0.00],1.032e-32,***,Disorders of iron metabolism,Endocrine and metabolic
M13_ANKYLOSPON,29005,-0.004 [-0.004--0.00],2.401e-89,***,Ankylosing spondylitis,Musculoskeletal
H7_IRIDOCYCLITIS,22983,-0.004 [-0.005--0.00],3.954e-21,***,Iridocyclitis,Eye and adnexa
E4_GOITREMULTINOD,6287,-0.004 [-0.005--0.00],2.916e-20,***,Nontoxic multinodular goitre,Endocrine and metabolic
M13_SPONDYLINFLAMNAS,14599,-0.005 [-0.005--0.00],1.037e-50,***,Other specified/unspecified inflammatory spondylopathies,Musculoskeletal
D3_COAGDEFNAS,3630,-0.005 [-0.006--0.00],6.093e-32,***,Other and unspecified coagulation defects,Blood and immune
L12_LICHENSCLERATROPH,5062,-0.005 [-0.007--0.00],5.607e-04,***,Lichen sclerosus et atrophicus,Skin
M13_FIBROBLASTIC,2687,-0.005 [-0.007--0.00],0.001,**,Fibroblastic disorders,Musculoskeletal
SPONDYLOARTHRITIS,25038,-0.005 [-0.006--0.00],2.331e-71,***,Spondyloarthritis,Musculoskeletal
DRY_AMD,4885,-0.006 [-0.007--0.00],5.359e-06,***,Dry age-related macular degeneration (includes geographic atrophy),Eye and adnexa
H8_OTOSCLE,2888,-0.006 [-0.007--0.00],3.460e-18,***,Otosclerosis,Ear and mastoid
N14_DIALYSIS,1620,-0.006 [-0.008--0.00],0.023,*,Dialysis,Genitourinary
E4_GOITRENAS,1714,-0.007 [-0.008--0.01],1.666e-21,***,Other and/or unspecified nontoxic goitre,Endocrine and metabolic
I9_AF,9821,-0.007 [-0.009--0.01],6.709e-11,***,Atrial fibrillation and flutter,Circulatory
ULCERNAS,2224,-0.007 [-0.010--0.00],0.017,*,"Ulcerative colitis, NAS",Digestive
M13_POLYARTHROPATHIES,18752,-0.008 [-0.009--0.01],6.921e-09,***,Polyarthropathies,Musculoskeletal
D3_ANAEMIA_FOLATEDEF,76,-0.008 [-0.011--0.00],0.042,*,Folate deficiency anaemia,Blood and immune
POLYCYTVERA,838,-0.008 [-0.009--0.01],2.166e-177,***,Polycythaemia vera,Neoplasms
ULCERPROCT,1091,-0.008 [-0.010--0.01],1.664e-07,***,Ulcerative proctitis,Digestive
CHIRBIL_PRIM,2402,-0.008 [-0.010--0.01],1.135e-26,***,Primary biliary cholangitis (PBC),Digestive
H7_SCLERACORNEA,15425,-0.008 [-0.010--0.01],2.659e-13,***,"Disorders of sclera, cornea, iris and ciliary body",Eye and adnexa
M13_EARLY_LUMBAR_PROLAPSE,506,-0.009 [-0.011--0.01],7.060e-07,***,"Early lumbar disc prolapse, operated",Musculoskeletal
N14_GLOMEINOTH,5455,-0.009 [-0.011--0.01],4.833e-21,***,Glomerular disorders in diseases classified elsewhere,Genitourinary
K11_COELIAC,42111,-0.010 [-0.010--0.01],1.000e-315,***,Coeliac disease,Digestive
M13_CALCIFICTEND,177,-0.011 [-0.014--0.01],1.024e-05,***,Calcific tendinitis of shoulder,Musculoskeletal
J10_NASALPOLYP,7370,-0.011 [-0.012--0.01],1.322e-32,***,Nasal polyp,Respiratory
E4_THYROIDNASOTH,177,-0.011 [-0.013--0.01],2.049e-19,***,"Disorder of thyroid, unspecified",Endocrine and metabolic
CHRONMYELOPRO,471,-0.012 [-0.013--0.01],1.172e-193,***,Chronic myeloproliferative disease,Neoplasms
AUTOHEP,2902,-0.012 [-0.012--0.01],1.000e-315,***,Autoimmune hepatitis,Digestive
C3_CLL_WIDE,431,-0.012 [-0.014--0.01],9.836e-51,***,"Chronic lymphocytic leukaemia and small lyphocytis leukaemia, including Hilmo",Neoplasms
L12_PILONIDALCYST,217,-0.012 [-0.016--0.01],8.457e-05,***,Pilonidal cyst,Skin
M13_SPONDYLOPATHY,12014,-0.013 [-0.015--0.01],1.173e-15,***,Spondylopathies,Musculoskeletal
DM_NEOVASCULAR_GLAUCOMA,434,-0.013 [-0.016--0.01],3.574e-12,***,Neovascular glaucoma,Eye and adnexa
THROMBOCYTAEMIA,728,-0.014 [-0.015--0.01],5.230e-181,***,Essential (haemorrhagic) thrombocythaemia,Neoplasms
H7_RETINALBREAK,282,-0.014 [-0.018--0.01],7.413e-10,***,Retinal breaks without detachment,Eye and adnexa
H7_GLAUCOMA_NTG,563,-0.015 [-0.020--0.01],7.326e-04,***,Normotensive glaucoma,Eye and adnexa
L12_LUPUS,5381,-0.015 [-0.015--0.01],1.000e-315,***,Cutaneous lupus erythematosus,Skin
M13_VARUS,203,-0.016 [-0.017--0.01],7.099e-135,***,"Varus deformity, not elsewhere classified",Musculoskeletal
K11_MALABSORB,6958,-0.016 [-0.017--0.02],1.000e-315,***,Intestinal malabsorption,Digestive
H7_KERATITIS,1243,-0.017 [-0.022--0.01],6.523e-07,***,Keratitis,Eye and adnexa
CHRONSMALL,2604,-0.017 [-0.020--0.01],5.102e-26,***,Crohn's disease of small intestine,Digestive
J10_CHRONSINUSITIS,3550,-0.018 [-0.022--0.01],2.480e-07,***,Chronic sinusitis,Respiratory
D3_ANAEMIAINCHRONICDISEASE,72,-0.018 [-0.025--0.01],0.014,*,Anaemia in chronic diseases classified elsewhere,Blood and immune
N14_HYPERTROPHYBREAST,1659,-0.018 [-0.021--0.02],1.903e-36,***,Hypertrophy of breast,Genitourinary
E4_OBESITYNAS,1620,-0.019 [-0.022--0.02],3.330e-25,***,"Obesity, other/unspecified",Endocrine and metabolic
L12_ULCERLOWLIMB,2421,-0.019 [-0.022--0.02],2.079e-37,***,"Ulcer of lower limb, not elsewhere classified",Skin
H7_ORBIT,4635,-0.019 [-0.020--0.02],1.000e-315,***,Disorders of orbit,Eye and adnexa
N14_FEMGENPROL,2263,-0.020 [-0.024--0.02],1.223e-12,***,Female genital prolapse,Genitourinary
G6_ULLNLE,73,-0.021 [-0.027--0.01],6.338e-04,***,Lesion of ulnar nerve,Nervous
K11_FIBROCHIRLIV,942,-0.021 [-0.027--0.01],1.456e-05,***,Fibrosis and cirrhosis of liver,Digestive
K11_CHOLELITH,10661,-0.021 [-0.025--0.02],8.196e-22,***,Cholelithiasis,Digestive
CD2_LYMPHOID_LEUKAEMIA,767,-0.021 [-0.023--0.02],1.328e-134,***,Lymphoid leukaemia,Neoplasms
L12_BULLOUS,10568,-0.021 [-0.022--0.02],1.000e-315,***,Bullous disorders,Skin
E4_GLUCOPANCREAS,8980,-0.021 [-0.023--0.02],1.000e-315,***,Other disorders of glucose regulation and pancreatic internal secretion,Endocrine and metabolic
E4_THYTOXGOITDIF,19055,-0.022 [-0.022--0.02],1.000e-315,***,Thyrotoxicosis with diffuse goitre,Endocrine and metabolic
M13_SJOGREN,13564,-0.023 [-0.023--0.02],1.000e-315,***,Sicca syndrome [Sjögren],Musculoskeletal
D3_ITP,120,-0.023 [-0.028--0.02],2.014e-12,***,Idiopathic thrombocytopenic purpura,Blood and immune
D3_WHITEBLOODCELLNAS,70,-0.023 [-0.029--0.02],1.744e-07,***,Other and unspecified disorders of white blood cells,Blood and immune
M13_MCTD,5075,-0.023 [-0.024--0.02],1.000e-315,***,Mixed connective tissue disease,Musculoskeletal
O15_HAEMORRH_EARLY_PREG,148,-0.023 [-0.031--0.02],0.002,**,Haemorrhage in early pregnancy,Pregnancy
M13_CONNECTNAS,4565,-0.023 [-0.024--0.02],1.778e-255,***,Other specified/unspecified systemic involvement of connective tissue,Musculoskeletal
DM_NEUROPATHY,5299,-0.023 [-0.025--0.02],1.054e-119,***,Diabetic neuropathy,Endocrine and metabolic
CHIRHEP_NAS,355,-0.024 [-0.032--0.02],0.009,**,"Cirrhosis of liver, NAS",Digestive
G6_EPIPAROX,1509,-0.024 [-0.033--0.02],0.044,*,Episodal and paroxysmal disorders,Nervous
M13_PLANTARFASC,87,-0.024 [-0.033--0.02],0.006,**,Plantar fascial fibromatosis,Musculoskeletal
CD2_INSITU_CERVIX_UTERI,1636,-0.025 [-0.029--0.02],1.590e-27,***,Carcinoma in situ of cervix uteri,Neoplasms
M13_ARTHROPATHIES,7062,-0.025 [-0.034--0.02],0.006,**,Arthropathies,Musculoskeletal
H8_OTHEREAR,3939,-0.025 [-0.032--0.02],8.069e-08,***,Other disorders of ear,Ear and mastoid
E4_OBESITY,3239,-0.026 [-0.029--0.02],1.071e-46,***,Obesity,Endocrine and metabolic
M13_MYOSITIS,988,-0.027 [-0.029--0.02],1.149e-161,***,Myositis,Musculoskeletal
CD2_HODGKIN_LYMPHOMA,268,-0.027 [-0.031--0.02],3.356e-37,***,"Hodgkin lymphoma, hilmo",Neoplasms
H7_OCUPAIN,174,-0.027 [-0.032--0.02],1.952e-17,***,Ocular pain,Eye and adnexa
K11_OTHDIG,23141,-0.027 [-0.028--0.03],1.000e-315,***,Diseases of the digestive system,Digestive
D3_SARCOIDOSIS,15089,-0.029 [-0.029--0.03],1.000e-315,***,Sarcoidosis,Blood and immune
C3_HEPATOCELLU_CARC,441,-0.029 [-0.036--0.02],7.112e-14,***,Hepatocellular carcinoma,Neoplasms
E4_THYROIDITAUTOIM,932,-0.030 [-0.032--0.03],5.311e-162,***,Autoimmune thyroiditis,Endocrine and metabolic
I9_VARICVEOES,203,-0.031 [-0.041--0.02],0.003,**,Oesophageal varices,Circulatory
D3_ANAEMIA_IRONDEF_NAS,859,-0.031 [-0.037--0.02],6.176e-15,***,Other and unspecified iron deficiency,Blood and immune
K11_ENERCOLNONINF,4471,-0.031 [-0.035--0.03],2.434e-43,***,Noninfective enteritis and colitis,Digestive
N14_NEPHROTICSYND,824,-0.031 [-0.033--0.03],1.453e-154,***,Nephrotic syndrome,Genitourinary
RESP_ILL_DIS_CLASS_ELSEWHERE,55,-0.031 [-0.034--0.03],6.027e-83,***,Respiratory disorders in diseases classified elsewhere,Respiratory
E4_ENDOMETPOSTOP,4212,-0.031 [-0.033--0.03],2.386e-251,***,"Postprocedural endocrine and metabolic disorders, not elsewhere classified",Endocrine and metabolic
DM_NEPHROPATHY,7402,-0.032 [-0.034--0.03],6.037e-288,***,Diabetic nephropathy,Genitourinary
AB1_VIRAL_WARTS,3425,-0.032 [-0.035--0.03],1.070e-114,***,Viral warts,Infectious and parasitic
H8_HL_PRESBY,136,-0.032 [-0.038--0.03],7.542e-22,***,Presbycusis,Ear and mastoid
I9_ATHSCLE,3616,-0.032 [-0.039--0.03],9.967e-15,***,"Atherosclerosis, excluding cerebral and coronary sclerosis",Circulatory
I9_HYPTENS,25618,-0.032 [-0.035--0.03],8.341e-132,***,Hypertension,Circulatory
K11_PANCOTH,29,-0.033 [-0.045--0.02],0.012,*,Other diseases of pancreas,Digestive
D3_OTHERBLOOD,428,-0.034 [-0.036--0.03],7.835e-197,***,Other diseases of blood and blood-forming organs,Blood and immune
E4_ADDISON,668,-0.035 [-0.038--0.03],4.071e-184,***,Adrenocortical insufficiency,Endocrine and metabolic
M13_CERVICALGIA,179,-0.035 [-0.043--0.03],1.807e-16,***,Cervicalgia,Musculoskeletal
ALLERG_RHINITIS,746,-0.035 [-0.045--0.03],2.279e-08,***,Allergic rhinitis,Respiratory
M13_TRIGGERFINGER,2255,-0.036 [-0.039--0.03],2.361e-125,***,Trigger finger,Musculoskeletal
G6_MIGRAINE,354,-0.036 [-0.044--0.03],5.315e-12,***,Migraine,Nervous
M13_CERVICDISC,530,-0.036 [-0.043--0.03],1.835e-23,***,Cervical disc disorders,Musculoskeletal
E4_OBESITYXTRMALV,103,-0.037 [-0.041--0.03],8.468e-45,***,Extreme obesity with alveolar hypoventilation,Endocrine and metabolic
M13_ADHCAPSULITIS,1742,-0.037 [-0.041--0.03],1.511e-62,***,Adhesive capsulitis of shoulder,Musculoskeletal
E4_MINERAL_MET,806,-0.038 [-0.040--0.03],4.125e-160,***,Disorders of mineral metabolism,Endocrine and metabolic
M13_THORACISPINEPAIN,151,-0.038 [-0.047--0.03],4.983e-13,***,Pain in thoracic spine,Musculoskeletal
K11_PERITONITIS,161,-0.038 [-0.043--0.03],3.079e-63,***,Acute peritonitis,Digestive
AB1_SEXUAL_TRANSMISSION_NOS,10411,-0.040 [-0.041--0.04],1.000e-315,***,"Other predominantly sexually transmitted diseases, not elsewhere classified",Infectious and parasitic
H7_EYEOTH,57,-0.040 [-0.053--0.03],6.169e-04,***,Other disorders of eye and adnexa,Eye and adnexa
IPF,3405,-0.040 [-0.041--0.04],1.000e-315,***,Idiopathic pulmonary fibrosis,Respiratory
N14_CERVICAL_LSIL,1187,-0.040 [-0.045--0.04],3.079e-54,***,LSIL lesion of the cervix uteri,Genitourinary
E4_TESTICHYPO,23,-0.041 [-0.053--0.03],9.869e-06,***,Testicular hypofunction,Endocrine and metabolic
I9_HYPTENSESS,17744,-0.041 [-0.044--0.04],1.333e-146,***,"Hypertension, essential",Circulatory
K11_CHOLANGI,1455,-0.042 [-0.044--0.04],1.000e-315,***,"Cholangitis (primary sclerosing, PSC)",Digestive
L12_GRANULOMATOUSSKIN,404,-0.043 [-0.044--0.04],1.000e-315,***,Granulomatous disorders of skin and subcutaneous tissue,Skin
POLLENALLERG,487,-0.043 [-0.052--0.03],7.817e-16,***,Pollen allergy,Respiratory
H8_HL_SEN_NAS,5357,-0.044 [-0.049--0.04],4.838e-45,***,Sensorineural hearing loss,Ear and mastoid
G6_CARPTU,3265,-0.045 [-0.048--0.04],2.717e-108,***,Carpal tunnel syndrome,Nervous
I9_ARTOTH,187,-0.045 [-0.051--0.04],6.689e-44,***,Other diseases of arteries and capillaries,Circulatory
N14_CERVICAL_HSIL,5964,-0.046 [-0.048--0.04],4.886e-232,***,HSIL lesion of the cervix uteri,Genitourinary
M13_TENDOSYNOVITISNAS,236,-0.046 [-0.053--0.04],1.467e-29,***,Other/unspecified synovitis and tenosynovitis,Musculoskeletal
K11_ACUTPANC,242,-0.046 [-0.060--0.03],9.318e-05,***,Acute pancreatitis,Digestive
N14_FEMALE_GENITAL_HSIL,6550,-0.048 [-0.051--0.05],1.341e-293,***,"HSIL lesion of the cervix uteri, vagina or vulva",Genitourinary
M13_OSTEOPOROSIS,372,-0.049 [-0.057--0.04],9.807e-24,***,Osteoporosis,Musculoskeletal
D3_ANAEMIA_B12_DEF,5007,-0.049 [-0.052--0.05],3.403e-204,***,Vitamin B12 deficiency anaemia,Blood and immune
E4_THYROID,25555,-0.050 [-0.052--0.05],1.000e-315,***,Disorders of the thyroid gland,Endocrine and metabolic
I9_OTHPER,110,-0.050 [-0.059--0.04],6.956e-22,***,Other peripheral vascular diseases,Circulatory
H7_CHOROIDRETINA,12847,-0.050 [-0.053--0.05],2.252e-270,***,Disorders of choroid and retina,Eye and adnexa
M13_SPONDYLOSIS,854,-0.051 [-0.060--0.04],1.352e-23,***,Spondylosis,Musculoskeletal
M13_INTERVERTEB,3685,-0.051 [-0.057--0.05],4.783e-71,***,Other intervertebral disc disorders,Musculoskeletal
CD2_BENIGN_EAR_RESP,224,-0.051 [-0.059--0.04],1.101e-36,***,Benign neoplasm of middle ear and respiratory system,Neoplasms
M13_DORSOPATHY,8797,-0.052 [-0.057--0.05],8.197e-66,***,Dorsopathies,Musculoskeletal
CD2_BENIGN_PAROTID,171,-0.053 [-0.057--0.05],5.161e-139,***,Benign neoplasm: Parotid gland,Neoplasms
J10_PERITONSABSC,1910,-0.054 [-0.060--0.05],2.607e-65,***,Peritonsillar abscess,Respiratory
AB1_ZOSTER,268,-0.054 [-0.066--0.04],4.569e-14,***,Zoster [herpes zoster],Infectious and parasitic
M13_ARTHROSIS_KNEE,5080,-0.055 [-0.063--0.05],1.926e-32,***,Gonarthrosis,Musculoskeletal
N14_FEMALE_GENITAL_LSIL,2422,-0.056 [-0.060--0.05],1.390e-247,***,"LSIL lesion of the cervix uteri, vagina or vulva",Genitourinary
I9_SAH,322,-0.056 [-0.060--0.05],1.030e-195,***,Subarachnoid haemorrhage,Circulatory
AB1_SEXUAL_TRANSMISSION,7171,-0.059 [-0.062--0.06],1.000e-315,***,Infections with a predominantly sexual mode of transmission,Infectious and parasitic
C3_CANCER_WIDE,3272,-0.062 [-0.069--0.05],2.202e-50,***,"Malignant neoplasm, wide definition for exclusion",Neoplasms
G6_PARKINSON,2693,-0.062 [-0.063--0.06],1.000e-315,***,Parkinson's disease,Nervous
H8_BPV,30,-0.063 [-0.084--0.04],0.001,**,Benign paroxysmal vertigo,Ear and mastoid
N14_CERVICAL_DYSPLASIA_ALL,5631,-0.064 [-0.068--0.06],1.000e-315,***,All dysplastic lesions of the cervix uteri,Genitourinary
L12_OTHERCONTACT,39,-0.065 [-0.083--0.05],1.008e-06,***,Other contact dermatitis,Skin
K11_FUNCDYSP,169,-0.066 [-0.077--0.05],1.706e-24,***,Functional dyspepsia,Digestive
K11_OTHINFLIV,466,-0.066 [-0.068--0.06],1.000e-315,***,Other inflammatory liver diseases,Digestive
N14_FEMALE_GENITAL_DYSPLASIA_ALL,7063,-0.067 [-0.070--0.06],1.000e-315,***,"All dysplastic lesions of the cervix uteri, vagina or vulva",Genitourinary
M13_DORSALGIANAS,1009,-0.067 [-0.075--0.06],6.907e-54,***,Other/unspecified dorsalgia,Musculoskeletal
H8_MIDDLEMASTOID,2761,-0.067 [-0.074--0.06],2.190e-79,***,Diseases of middle ear and mastoid,Ear and mastoid
M13_OTHERJOINT,3314,-0.068 [-0.080--0.06],9.644e-23,***,Other joint disorders,Musculoskeletal
K11_LIVER,812,-0.069 [-0.081--0.06],2.696e-23,***,Diseases of liver,Digestive
N14_CHRONKIDNEYDIS,1777,-0.070 [-0.075--0.07],1.734e-167,***,Chronic kidney disease,Genitourinary
N14_MESNRUIRREG,1548,-0.074 [-0.085--0.06],5.876e-34,***,"Excessive, frequent and irregular menstruation",Genitourinary
G6_POLYOTHUNS,107,-0.074 [-0.092--0.06],6.161e-10,***,"Other and unspecified polyneuropathies, also in other diseases",Nervous
K11_CHOLECYST,114,-0.075 [-0.102--0.05],0.013,*,Cholecystitis,Digestive
CD2_BENIGN_PITUITARY_CRANIPHAR,90,-0.077 [-0.083--0.07],8.388e-128,***,"Benign neoplasm: Pituitary gland, craniopharyngeal duct",Neoplasms
D3_AGRANULOCYTOSIS,347,-0.078 [-0.083--0.07],3.169e-246,***,Agranulocytosis,Blood and immune
L12_URTICA_NAS,213,-0.081 [-0.098--0.06],2.379e-16,***,Other and unspecified urticaria,Skin
NAFLD,505,-0.083 [-0.096--0.07],5.399e-28,***,Nonalcoholic fatty liver disease,Digestive
K11_OTHENTERCOL,751,-0.086 [-0.094--0.08],1.260e-94,***,Other noninfective gastroenteritis and colitis,Digestive
L12_DERMATITISECZEMA,8563,-0.087 [-0.093--0.08],8.241e-140,***,Dermatitis and eczema,Skin
M13_DORSOPATHYOTH,5393,-0.089 [-0.097--0.08],2.930e-125,***,"Other dorsopathies, not elsewhere classified",Musculoskeletal
M13_ARTHROSIS,4684,-0.091 [-0.104--0.08],1.389e-38,***,Arthrosis,Musculoskeletal
PHLEBI_THROMBOP_LOWER_EXTREMITI_UNSPE,25,-0.092 [-0.104--0.08],2.733e-42,***,"Phlebitis and thrombophlebitis of lower extremities, unspecified, drug-induced",Ear and mastoid
ALLERG_ASTHMA,7321,-0.096 [-0.099--0.09],1.000e-315,***,Allergic asthma (mode),Respiratory
O15_MATERN_CARE_OTHER,240,-0.096 [-0.104--0.09],6.658e-116,***,Maternal care for other known or suspected fetal problems,Pregnancy
K11_DISLIVOTH,287,-0.097 [-0.117--0.08],1.342e-15,***,Other diseases of liver,Digestive
H7_CATARACTOTHER,4338,-0.101 [-0.107--0.10],5.776e-296,***,Other cataract,Eye and adnexa
JOINTPAIN,1595,-0.102 [-0.112--0.09],1.066e-85,***,Pain in joint,Musculoskeletal
AB1_INTESTINAL_INFECTIONS,954,-0.107 [-0.131--0.08],3.183e-13,***,Intestinal infectious diseases,Infectious and parasitic
J10_LOWCHRON,14991,-0.108 [-0.112--0.10],1.000e-315,***,Chronic lower respiratory diseases,Respiratory
L12_OTHERSKINSUBCUTIS,3364,-0.109 [-0.116--0.10],6.231e-209,***,Other disorders of skin and subcutaneous tissue,Skin
C3_BILIARY_GALLBLADDER,192,-0.111 [-0.129--0.09],7.773e-30,***,"Malignant neoplasm of intrahepatic ducts, biliary tract and gallbladder",Neoplasms
M13_SPINSTENOSIS,4505,-0.112 [-0.118--0.11],1.305e-295,***,Spinal stenosis,Musculoskeletal
M13_MUSCLE,168,-0.112 [-0.117--0.11],1.000e-315,***,Disorders of muscles,Musculoskeletal
M13_SCIATICA,658,-0.113 [-0.121--0.10],7.040e-158,***,Sciatica+with lumbago,Musculoskeletal
J10_VOCALLARYNX,20,-0.113 [-0.149--0.08],1.890e-04,***,"Diseases of vocal cords and larynx+other diseases of upper respiratory tract, no elsewhere classified",Respiratory
G6_NERPLEX,2804,-0.115 [-0.122--0.11],6.703e-224,***,"Nerve, nerve root and plexus disorders",Nervous
H7_VITRBODYGLOBE,276,-0.117 [-0.129--0.10],2.917e-71,***,Disorders of vitreous body,Eye and adnexa
AB1_VIRAL_SKIN_MUCOUS_MEMBRANE,1622,-0.124 [-0.134--0.11],9.067e-130,***,Viral infections characterized by skin and mucous membrane lesions,Infectious and parasitic
N14_EROSECTROPUT,31,-0.127 [-0.136--0.12],1.279e-156,***,Erosion and ectropion of cervix uteri,Genitourinary
G6_OTHNEU,31,-0.133 [-0.167--0.10],4.882e-09,***,Other neurological diseases,Nervous
H7_CATARACTSENILE,4936,-0.133 [-0.140--0.13],4.071e-248,***,Senile cataract,Eye and adnexa
AB1_GASTROENTERITIS_NOS,923,-0.135 [-0.153--0.12],9.980e-48,***,Diarrhoea and gastroenteritis of presumed infectious origin,Infectious and parasitic
ASTHMA_NAS,3913,-0.136 [-0.144--0.13],8.498e-263,***,"Asthma, unspecified (mode)",Respiratory
M13_OSTEOCHONDRO,166,-0.138 [-0.156--0.12],4.855e-44,***,Osteopathies and chondropathies,Musculoskeletal
O15_MATERN_CARE_PELVIC_ABNORM,86,-0.150 [-0.164--0.14],4.591e-104,***,Maternal care for known or suspected abnormality of pelvic organs,Pregnancy
M13_SOFTTISSUE,1904,-0.159 [-0.171--0.15],3.900e-155,***,Soft tissue disorders,Musculoskeletal
O15_FALSE_LAB,5,-0.167 [-0.229--0.10],0.033,*,False labour,Pregnancy
O15_DELIV_CAESAR,82,-0.173 [-0.188--0.16],6.559e-112,***,Single delivery by caesarean section,Pregnancy
M13_LOWBACKPAIN,1988,-0.176 [-0.189--0.16],3.359e-140,***,Low back pain,Musculoskeletal
O15_DELIV_SPONT,20,-0.197 [-0.256--0.14],1.094e-05,***,Single spontaneous delivery,Pregnancy
M13_ARTHROSIS_OTH,570,-0.204 [-0.255--0.15],3.401e-09,***,Other arthrosis,Musculoskeletal
L12_DERMATITISNAS,2477,-0.240 [-0.251--0.23],1.000e-315,***,Dermatitis,Skin
N14_RENALTUB,449,-0.269 [-0.280--0.26],1.000e-315,***,Renal tubulo-interstitial diseases,Genitourinary
K11_CHRONGASTR,210,-0.343 [-0.355--0.33],1.000e-315,***,Chronic gastritis,Digestive
K11_BILIAOTH,6,-0.362 [-0.391--0.33],1.727e-134,***,Other diseases of biliary tract,Digestive
